255 255 255 255 255 255 255 255 255 255 255 255 255 255 255 255
255 214 152 152 152 152 152 152 152 152 152 152 152 152 214 255
255 152 146 193 193 193 193 193 193 193 193 193 193 146 152 255
255 152 193 160  99  99  99  99  99  99  99  99 159 193 152 255
255 152 193  99   0   0   0   0   0   0   0   0  99 193 152 255
255 152 193  99   0  98  91 119 119 119  82   0  99 193 152 255
255 152 193  99   0 184  38 167 255 255 198   0  99 193 152 255
255 152 193  99   0 199 113  18 185 255 199   0  99 193 152 255
255 152 193  99   0 199 188  34  19 195 199   0  99 193 152 255
255 152 193  99   0 198 252  96 102  90 139   0  99 193 152 255
255 152 193  99   0  82 127  73  83  97  92   0  99 193 152 255
255 152 193  99   0   0   0   0   0   0   0   0  99 193 152 255
255 152 193 159  99  99  99  99  99  99  99  99 159 193 152 255
255 152 146 193 193 193 193 193 193 193 193 193 193 146 152 255
255 214 152 152 152 152 152 152 152 152 152 152 152 152 214 255
255 255 255 255 255 255 255 255 255 255 255 255 255 255 255 255
255 255 255 255 255 255 255 255 255 255 255 255 255 255 255 255
255 214 152 152 152 152 152 152 152 152 152 152 152 152 214 255
255 152 146 193 193 193 193 193 193 193 193 193 193 146 152 255
255 152 193 160  99  99  99  99  99  99  99  99 159 193 152 255
255 152 193  99   0   0   0   0   0   0   0   0  99 193 152 255
255 152 193  99   0  98  91 119 119 119  82   0  99 193 152 255
255 152 193  99   0 184  38 167 255 255 198   0  99 193 152 255
255 152 193  99   0 199 113  18 185 255 199   0  99 193 152 255
255 152 193  99   0 199 188  34  19 195 199   0  99 193 152 255
255 152 193  99   0 198 252  96 102  90 139   0  99 193 152 255
255 152 193  99   0  82 127  73  83  97  92   0  99 193 152 255
255 152 193  99   0   0   0   0   0   0   0   0  99 193 152 255
255 152 193 159  99  99  99  99  99  99  99  99 159 193 152 255
255 152 146 193 193 193 193 193 193 193 193 193 193 146 152 255
255 214 152 152 152 152 152 152 152 152 152 152 152 152 214 255
255 255 255 255 255 255 255 255 255 255 255 255 255 255 255 255
255 255 255 255 255 255 255 255 255 255 255 255 255 255 255 255
255 214 152 152 152 152 152 152 152 152 152 152 152 152 214 255
255 152 146 193 193 193 193 193 193 193 193 193 193 146 152 255
255 152 193 160  99  99  99  99  99  99  99  99 159 193 152 255
255 152 193  99   0   0   0   0   0   0   0   0  99 193 152 255
255 152 193  99   0  98  91 119 119 119  82   0  99 193 152 255
255 152 193  99   0 184  38 167 255 255 198   0  99 193 152 255
255 152 193  99   0 199 113  18 185 255 199   0  99 193 152 255
255 152 193  99   0 199 188  34  19 195 199   0  99 193 152 255
255 152 193  99   0 198 252  96 102  90 139   0  99 193 152 255
255 152 193  99   0  82 127  73  83  97  92   0  99 193 152 255
255 152 193  99   0   0   0   0   0   0   0   0  99 193 152 255
255 152 193 159  99  99  99  99  99  99  99  99 159 193 152 255
255 152 146 193 193 193 193 193 193 193 193 193 193 146 152 255
255 214 152 152 152 152 152 152 152 152 152 152 152 152 214 255
255 255 255 255 255 255 255 255 255 255 255 255 255 255 255 255

255 255 255 255 255 255 255 255 255 255 255 255 255 255 255 255
255 214 152 152 152 152 152 152 152 152 152 152 152 152 214 255
255 152 146 193 193 193 193 193 193 193 193 193 193 146 152 255
255 152 193 159  99  99  99  99  99  99  99  99 159 193 152 255
255 152 193  99   0   0   0   0   0   0   0   0  99 193 152 255
255 152 193  99   0  82 198 199 199 139  92   0  99 193 152 255
255 152 193  99   0 119 255 255 195  90  97   0  99 193 152 255
255 152 193  99   0 119 255 185  19 102  83   0  99 193 152 255
255 152 193  99   0 119 167  18  34  96  73   0  99 193 152 255
255 152 193  99   0  91  38 113 188 252 127   0  99 193 152 255
255 152 193  99   0  98 184 199 199 198  82   0  99 193 152 255
255 152 193  99   0   0   0   0   0   0   0   0  99 193 152 255
255 152 193 160  99  99  99  99  99  99  99  99 159 193 152 255
255 152 146 193 193 193 193 193 193 193 193 193 193 146 152 255
255 214 152 152 152 152 152 152 152 152 152 152 152 152 214 255
255 255 255 255 255 255 255 255 255 255 255 255 255 255 255 255
255 255 255 255 255 255 255 255 255 255 255 255 255 255 255 255
255 214 152 152 152 152 152 152 152 152 152 152 152 152 214 255
255 152 146 193 193 193 193 193 193 193 193 193 193 146 152 255
255 152 193 159  99  99  99  99  99  99  99  99 159 193 152 255
255 152 193  99   0   0   0   0   0   0   0   0  99 193 152 255
255 152 193  99   0  82 198 199 199 139  92   0  99 193 152 255
255 152 193  99   0 119 255 255 195  90  97   0  99 193 152 255
255 152 193  99   0 119 255 185  19 102  83   0  99 193 152 255
255 152 193  99   0 119 167  18  34  96  73   0  99 193 152 255
255 152 193  99   0  91  38 113 188 252 127   0  99 193 152 255
255 152 193  99   0  98 184 199 199 198  82   0  99 193 152 255
255 152 193  99   0   0   0   0   0   0   0   0  99 193 152 255
255 152 193 160  99  99  99  99  99  99  99  99 159 193 152 255
255 152 146 193 193 193 193 193 193 193 193 193 193 146 152 255
255 214 152 152 152 152 152 152 152 152 152 152 152 152 214 255
255 255 255 255 255 255 255 255 255 255 255 255 255 255 255 255
255 255 255 255 255 255 255 255 255 255 255 255 255 255 255 255
255 214 152 152 152 152 152 152 152 152 152 152 152 152 214 255
255 152 146 193 193 193 193 193 193 193 193 193 193 146 152 255
255 152 193 159  99  99  99  99  99  99  99  99 159 193 152 255
255 152 193  99   0   0   0   0   0   0   0   0  99 193 152 255
255 152 193  99   0  82 198 199 199 139  92   0  99 193 152 255
255 152 193  99   0 119 255 255 195  90  97   0  99 193 152 255
255 152 193  99   0 119 255 185  19 102  83   0  99 193 152 255
255 152 193  99   0 119 167  18  34  96  73   0  99 193 152 255
255 152 193  99   0  91  38 113 188 252 127   0  99 193 152 255
255 152 193  99   0  98 184 199 199 198  82   0  99 193 152 255
255 152 193  99   0   0   0   0   0   0   0   0  99 193 152 255
255 152 193 160  99  99  99  99  99  99  99  99 159 193 152 255
255 152 146 193 193 193 193 193 193 193 193 193 193 146 152 255
255 214 152 152 152 152 152 152 152 152 152 152 152 152 214 255
255 255 255 255 255 255 255 255 255 255 255 255 255 255 255 255

255 255 255 255 255 255 255 255 255 255 255 255 255 255 255 255
255 214 152 152 152 152 152 152 152 152 152 152 152 152 214 255
255 152 146 193 193 193 193 193 193 193 193 193 193 146 152 255
255 152 193 159  99  99  99  99  99  99  99  99 159 193 152 255
255 152 193  99   0   0   0   0   0   0   0   0  99 193 152 255
255 152 193  99   0  92  97  83  73 127  82   0  99 193 152 255
255 152 193  99   0 139  90 102  96 252 198   0  99 193 152 255
255 152 193  99   0 199 195  19  34 188 199   0  99 193 152 255
255 152 193  99   0 199 255 185  18 113 199   0  99 193 152 255
255 152 193  99   0 198 255 255 167  38 184   0  99 193 152 255
255 152 193  99   0  82 119 119 119  91  98   0  99 193 152 255
255 152 193  99   0   0   0   0   0   0   0   0  99 193 152 255
255 152 193 159  99  99  99  99  99  99  99  99 160 193 152 255
255 152 146 193 193 193 193 193 193 193 193 193 193 146 152 255
255 214 152 152 152 152 152 152 152 152 152 152 152 152 214 255
255 255 255 255 255 255 255 255 255 255 255 255 255 255 255 255
255 255 255 255 255 255 255 255 255 255 255 255 255 255 255 255
255 214 152 152 152 152 152 152 152 152 152 152 152 152 214 255
255 152 146 193 193 193 193 193 193 193 193 193 193 146 152 255
255 152 193 159  99  99  99  99  99  99  99  99 159 193 152 255
255 152 193  99   0   0   0   0   0   0   0   0  99 193 152 255
255 152 193  99   0  92  97  83  73 127  82   0  99 193 152 255
255 152 193  99   0 139  90 102  96 252 198   0  99 193 152 255
255 152 193  99   0 199 195  19  34 188 199   0  99 193 152 255
255 152 193  99   0 199 255 185  18 113 199   0  99 193 152 255
255 152 193  99   0 198 255 255 167  38 184   0  99 193 152 255
255 152 193  99   0  82 119 119 119  91  98   0  99 193 152 255
255 152 193  99   0   0   0   0   0   0   0   0  99 193 152 255
255 152 193 159  99  99  99  99  99  99  99  99 160 193 152 255
255 152 146 193 193 193 193 193 193 193 193 193 193 146 152 255
255 214 152 152 152 152 152 152 152 152 152 152 152 152 214 255
255 255 255 255 255 255 255 255 255 255 255 255 255 255 255 255
255 255 255 255 255 255 255 255 255 255 255 255 255 255 255 255
255 214 152 152 152 152 152 152 152 152 152 152 152 152 214 255
255 152 146 193 193 193 193 193 193 193 193 193 193 146 152 255
255 152 193 159  99  99  99  99  99  99  99  99 159 193 152 255
255 152 193  99   0   0   0   0   0   0   0   0  99 193 152 255
255 152 193  99   0  92  97  83  73 127  82   0  99 193 152 255
255 152 193  99   0 139  90 102  96 252 198   0  99 193 152 255
255 152 193  99   0 199 195  19  34 188 199   0  99 193 152 255
255 152 193  99   0 199 255 185  18 113 199   0  99 193 152 255
255 152 193  99   0 198 255 255 167  38 184   0  99 193 152 255
255 152 193  99   0  82 119 119 119  91  98   0  99 193 152 255
255 152 193  99   0   0   0   0   0   0   0   0  99 193 152 255
255 152 193 159  99  99  99  99  99  99  99  99 160 193 152 255
255 152 146 193 193 193 193 193 193 193 193 193 193 146 152 255
255 214 152 152 152 152 152 152 152 152 152 152 152 152 214 255
255 255 255 255 255 255 255 255 255 255 255 255 255 255 255 255

255 255 255 255 255 255 255 255 255 255 255 255 255 255 255 255
255 214 152 152 152 152 152 152 152 152 152 152 152 152 214 255
255 152 146 193 193 193 193 193 193 193 193 193 193 146 152 255
255 152 193 159  99  99  99  99  99  99  99  99 160 193 152 255
255 152 193  99   0   0   0   0   0   0   0   0  99 193 152 255
255 152 193  99   0  82 198 199 199 184  98   0  99 193 152 255
255 152 193  99   0 127 252 188 113  38  91   0  99 193 152 255
255 152 193  99   0  73  96  34  18 167 119   0  99 193 152 255
255 152 193  99   0  83 102  19 185 255 119   0  99 193 152 255
255 152 193  99   0  97  90 195 255 255 119   0  99 193 152 255
255 152 193  99   0  92 139 199 199 198  82   0  99 193 152 255
255 152 193  99   0   0   0   0   0   0   0   0  99 193 152 255
255 152 193 159  99  99  99  99  99  99  99  99 159 193 152 255
255 152 146 193 193 193 193 193 193 193 193 193 193 146 152 255
255 214 152 152 152 152 152 152 152 152 152 152 152 152 214 255
255 255 255 255 255 255 255 255 255 255 255 255 255 255 255 255
255 255 255 255 255 255 255 255 255 255 255 255 255 255 255 255
255 214 152 152 152 152 152 152 152 152 152 152 152 152 214 255
255 152 146 193 193 193 193 193 193 193 193 193 193 146 152 255
255 152 193 159  99  99  99  99  99  99  99  99 160 193 152 255
255 152 193  99   0   0   0   0   0   0   0   0  99 193 152 255
255 152 193  99   0  82 198 199 199 184  98   0  99 193 152 255
255 152 193  99   0 127 252 188 113  38  91   0  99 193 152 255
255 152 193  99   0  73  96  34  18 167 119   0  99 193 152 255
255 152 193  99   0  83 102  19 185 255 119   0  99 193 152 255
255 152 193  99   0  97  90 195 255 255 119   0  99 193 152 255
255 152 193  99   0  92 139 199 199 198  82   0  99 193 152 255
255 152 193  99   0   0   0   0   0   0   0   0  99 193 152 255
255 152 193 159  99  99  99  99  99  99  99  99 159 193 152 255
255 152 146 193 193 193 193 193 193 193 193 193 193 146 152 255
255 214 152 152 152 152 152 152 152 152 152 152 152 152 214 255
255 255 255 255 255 255 255 255 255 255 255 255 255 255 255 255
255 255 255 255 255 255 255 255 255 255 255 255 255 255 255 255
255 214 152 152 152 152 152 152 152 152 152 152 152 152 214 255
255 152 146 193 193 193 193 193 193 193 193 193 193 146 152 255
255 152 193 159  99  99  99  99  99  99  99  99 160 193 152 255
255 152 193  99   0   0   0   0   0   0   0   0  99 193 152 255
255 152 193  99   0  82 198 199 199 184  98   0  99 193 152 255
255 152 193  99   0 127 252 188 113  38  91   0  99 193 152 255
255 152 193  99   0  73  96  34  18 167 119   0  99 193 152 255
255 152 193  99   0  83 102  19 185 255 119   0  99 193 152 255
255 152 193  99   0  97  90 195 255 255 119   0  99 193 152 255
255 152 193  99   0  92 139 199 199 198  82   0  99 193 152 255
255 152 193  99   0   0   0   0   0   0   0   0  99 193 152 255
255 152 193 159  99  99  99  99  99  99  99  99 159 193 152 255
255 152 146 193 193 193 193 193 193 193 193 193 193 146 152 255
255 214 152 152 152 152 152 152 152 152 152 152 152 152 214 255
255 255 255 255 255 255 255 255 255 255 255 255 255 255 255 255
